1.00 0.10
1.00 0.10
1.00 0.10
1.00 0.10
1.00 0.10
1.00 0.10
1.00 0.10
1.00 0.10
1.00 0.10
1.00 0.10
1.00 0.10
1.01 9.90
1.01 9.90
1.01 9.90
1.01 9.90
1.01 9.90
1.01 9.90
1.01 9.90
1.01 9.90
1.01 9.90
1.01 9.90
1.01 9.90
1.02 19.61
1.02 19.61
1.02 19.61
1.02 19.61
1.02 19.61
1.02 19.61
1.02 19.61
1.02 19.61
1.02 19.61
1.02 19.61
1.02 19.61
1.03 29.13
1.03 29.13
1.03 29.13
1.03 29.13
1.03 29.13
1.03 29.13
1.03 29.13
1.03 29.13
1.03 29.13
1.03 29.13
1.03 29.13
1.04 38.46
1.04 38.46
1.04 38.46
1.04 38.46
1.04 38.46
1.04 38.46
1.04 38.46
1.04 38.46
1.04 38.46
1.04 38.46
1.04 38.46
1.05 47.62
1.05 47.62
1.05 47.62
1.05 47.62
1.05 47.62
1.05 47.62
1.05 47.62
1.05 47.62
1.05 47.62
1.05 47.62
1.05 47.62
1.06 56.60
1.06 56.60
1.06 56.60
1.06 56.60
1.06 56.60
1.06 56.60
1.06 56.60
1.06 56.60
1.06 56.60
1.06 56.60
1.06 56.60
1.07 65.42
1.07 65.42
1.07 65.42
1.07 65.42
1.07 65.42
1.07 65.42
1.07 65.42
1.07 65.42
1.07 65.42
1.07 65.42
1.07 65.42
1.08 74.07
1.08 74.07
1.08 74.07
1.08 74.07
1.08 74.07
1.08 74.07
1.08 74.07
1.08 74.07
1.08 74.07
1.08 74.07
1.08 74.07
1.09 82.57
1.09 82.57
1.09 82.57
1.09 82.57
1.09 82.57
1.09 82.57
1.09 82.57
1.09 82.57
1.09 82.57
1.09 82.57
1.09 82.57
1.10 90.91
1.10 90.91
1.10 90.91
1.10 90.91
1.10 90.91
1.10 90.91
1.10 90.91
1.10 90.91
1.10 90.91
1.10 90.91
1.10 90.91
1.11 99.10
1.11 99.10
1.11 99.10
1.11 99.10
1.11 99.10
1.11 99.10
1.11 99.10
1.11 99.10
1.11 99.10
1.11 99.10
1.11 99.10
1.12 107.14
1.12 107.14
1.12 107.14
1.12 107.14
1.12 107.14
1.12 107.14
1.12 107.14
1.12 107.14
1.12 107.14
1.12 107.14
1.12 107.14
1.13 115.04
1.13 115.04
1.13 115.04
1.13 115.04
1.13 115.04
1.13 115.04
1.13 115.04
1.13 115.04
1.13 115.04
1.13 115.04
1.13 115.04
1.14 122.81
1.14 122.81
1.14 122.81
1.14 122.81
1.14 122.81
1.14 122.81
1.14 122.81
1.14 122.81
1.14 122.81
1.14 122.81
1.14 122.81
1.15 130.43
1.15 130.43
1.15 130.43
1.15 130.43
1.15 130.43
1.15 130.43
1.15 130.43
1.15 130.43
1.15 130.43
1.15 130.43
1.15 130.43
1.16 137.93
1.16 137.93
1.16 137.93
1.16 137.93
1.16 137.93
1.16 137.93
1.16 137.93
1.16 137.93
1.16 137.93
1.16 137.93
1.16 137.93
1.17 145.30
1.17 145.30
1.17 145.30
1.17 145.30
1.17 145.30
1.17 145.30
1.17 145.30
1.17 145.30
1.17 145.30
1.17 145.30
1.17 145.30
1.18 152.54
1.18 152.54
1.18 152.54
1.18 152.54
1.18 152.54
1.18 152.54
1.18 152.54
1.18 152.54
1.18 152.54
1.18 152.54
1.18 152.54
1.19 159.66
1.19 159.66
1.19 159.66
1.19 159.66
1.19 159.66
1.19 159.66
1.19 159.66
1.19 159.66
1.19 159.66
1.19 159.66
1.19 159.66
1.20 166.67
1.20 166.67
1.20 166.67
1.20 166.67
1.20 166.67
1.20 166.67
1.20 166.67
1.20 166.67
1.20 166.67
1.20 166.67
1.20 166.67
1.21 173.55
1.21 173.55
1.21 173.55
1.21 173.55
1.21 173.55
1.21 173.55
1.21 173.55
1.21 173.55
1.21 173.55
1.21 173.55
1.21 173.55
1.22 180.33
1.22 180.33
1.22 180.33
1.22 180.33
1.22 180.33
1.22 180.33
1.22 180.33
1.22 180.33
1.22 180.33
1.22 180.33
1.22 180.33
1.23 186.99
1.23 186.99
1.23 186.99
1.23 186.99
1.23 186.99
1.23 186.99
1.23 186.99
1.23 186.99
1.23 186.99
1.23 186.99
1.23 186.99
1.24 193.55
1.24 193.55
1.24 193.55
1.24 193.55
1.24 193.55
1.24 193.55
1.24 193.55
1.24 193.55
1.24 193.55
1.24 193.55
1.24 193.55
1.25 200.00
1.25 200.00
1.25 200.00
1.25 200.00
1.25 200.00
1.25 200.00
1.25 200.00
1.25 200.00
1.25 200.00
1.25 200.00
1.25 200.00
1.26 206.35
1.26 206.35
1.26 206.35
1.26 206.35
1.26 206.35
1.26 206.35
1.26 206.35
1.26 206.35
1.26 206.35
1.26 206.35
1.26 206.35
1.27 212.60
1.27 212.60
1.27 212.60
1.27 212.60
1.27 212.60
1.27 212.60
1.27 212.60
1.27 212.60
1.27 212.60
1.27 212.60
1.27 212.60
1.28 218.75
1.28 218.75
1.28 218.75
1.28 218.75
1.28 218.75
1.28 218.75
1.28 218.75
1.28 218.75
1.28 218.75
1.28 218.75
1.28 218.75
1.29 224.81
1.29 224.81
1.29 224.81
1.29 224.81
1.29 224.81
1.29 224.81
1.29 224.81
1.29 224.81
1.29 224.81
1.29 224.81
1.29 224.81
1.30 230.77
1.30 230.77
1.30 230.77
1.30 230.77
1.30 230.77
1.30 230.77
1.30 230.77
1.30 230.77
1.30 230.77
1.30 230.77
1.30 230.77
1.31 236.64
1.31 236.64
1.31 236.64
1.31 236.64
1.31 236.64
1.31 236.64
1.31 236.64
1.31 236.64
1.31 236.64
1.31 236.64
1.31 236.64
1.32 242.42
1.32 242.42
1.32 242.42
1.32 242.42
1.32 242.42
1.32 242.42
1.32 242.42
1.32 242.42
1.32 242.42
1.32 242.42
1.32 242.42
1.33 248.12
1.33 248.12
1.33 248.12
1.33 248.12
1.33 248.12
1.33 248.12
1.33 248.12
1.33 248.12
1.33 248.12
1.33 248.12
1.33 248.12
1.34 253.73
1.34 253.73
1.34 253.73
1.34 253.73
1.34 253.73
1.34 253.73
1.34 253.73
1.34 253.73
1.34 253.73
1.34 253.73
1.34 253.73
1.35 259.26
1.35 259.26
1.35 259.26
1.35 259.26
1.35 259.26
1.35 259.26
1.35 259.26
1.35 259.26
1.35 259.26
1.35 259.26
1.35 259.26
1.36 264.71
1.36 264.71
1.36 264.71
1.36 264.71
1.36 264.71
1.36 264.71
1.36 264.71
1.36 264.71
1.36 264.71
1.36 264.71
1.36 264.71
1.37 270.07
1.37 270.07
1.37 270.07
1.37 270.07
1.37 270.07
1.37 270.07
1.37 270.07
1.37 270.07
1.37 270.07
1.37 270.07
1.37 270.07
1.38 275.36
1.38 275.36
1.38 275.36
1.38 275.36
1.38 275.36
1.38 275.36
1.38 275.36
1.38 275.36
1.38 275.36
1.38 275.36
1.38 275.36
1.39 280.58
1.39 280.58
1.39 280.58
1.39 280.58
1.39 280.58
1.39 280.58
1.39 280.58
1.39 280.58
1.39 280.58
1.39 280.58
1.39 280.58
1.40 285.71
1.40 285.71
1.40 285.71
1.40 285.71
1.40 285.71
1.40 285.71
1.40 285.71
1.40 285.71
1.40 285.71
1.40 285.71
1.40 285.71
1.41 290.78
1.41 290.78
1.41 290.78
1.41 290.78
1.41 290.78
1.41 290.78
1.41 290.78
1.41 290.78
1.41 290.78
1.41 290.78
1.41 290.78
1.42 295.77
1.42 295.77
1.42 295.77
1.42 295.77
1.42 295.77
1.42 295.77
1.42 295.77
1.42 295.77
1.42 295.77
1.42 295.77
1.42 295.77
1.43 300.70
1.43 300.70
1.43 300.70
1.43 300.70
1.43 300.70
1.43 300.70
1.43 300.70
1.43 300.70
1.43 300.70
1.43 300.70
1.43 300.70
1.44 305.56
1.44 305.56
1.44 305.56
1.44 305.56
1.44 305.56
1.44 305.56
1.44 305.56
1.44 305.56
1.44 305.56
1.44 305.56
1.44 305.56
1.45 310.34
1.45 310.34
1.45 310.34
1.45 310.34
1.45 310.34
1.45 310.34
1.45 310.34
1.45 310.34
1.45 310.34
1.45 310.34
1.45 310.34
1.46 315.07
1.46 315.07
1.46 315.07
1.46 315.07
1.46 315.07
1.46 315.07
1.46 315.07
1.46 315.07
1.46 315.07
1.46 315.07
1.46 315.07
1.47 319.73
1.47 319.73
1.47 319.73
1.47 319.73
1.47 319.73
1.47 319.73
1.47 319.73
1.47 319.73
1.47 319.73
1.47 319.73
1.47 319.73
1.48 324.32
1.48 324.32
1.48 324.32
1.48 324.32
1.48 324.32
1.48 324.32
1.48 324.32
1.48 324.32
1.48 324.32
1.48 324.32
1.48 324.32
1.49 328.86
1.49 328.86
1.49 328.86
1.49 328.86
1.49 328.86
1.49 328.86
1.49 328.86
1.49 328.86
1.49 328.86
1.49 328.86
1.49 328.86
1.50 333.33
1.50 333.33
1.50 333.33
1.50 333.33
1.50 333.33
1.50 333.33
1.50 333.33
1.50 333.33
1.50 333.33
1.50 333.33
1.50 333.33
1.51 337.75
1.51 337.75
1.51 337.75
1.51 337.75
1.51 337.75
1.51 337.75
1.51 337.75
1.51 337.75
1.51 337.75
1.51 337.75
1.51 337.75
1.52 342.11
1.52 342.11
1.52 342.11
1.52 342.11
1.52 342.11
1.52 342.11
1.52 342.11
1.52 342.11
1.52 342.11
1.52 342.11
1.52 342.11
1.53 346.41
1.53 346.41
1.53 346.41
1.53 346.41
1.53 346.41
1.53 346.41
1.53 346.41
1.53 346.41
1.53 346.41
1.53 346.41
1.53 346.41
1.54 350.65
1.54 350.65
1.54 350.65
1.54 350.65
1.54 350.65
1.54 350.65
1.54 350.65
1.54 350.65
1.54 350.65
1.54 350.65
1.54 350.65
1.55 354.84
1.55 354.84
1.55 354.84
1.55 354.84
1.55 354.84
1.55 354.84
1.55 354.84
1.55 354.84
1.55 354.84
1.55 354.84
1.55 354.84
1.56 358.97
1.56 358.97
1.56 358.97
1.56 358.97
1.56 358.97
1.56 358.97
1.56 358.97
1.56 358.97
1.56 358.97
1.56 358.97
1.56 358.97
1.57 363.06
1.57 363.06
1.57 363.06
1.57 363.06
1.57 363.06
1.57 363.06
1.57 363.06
1.57 363.06
1.57 363.06
1.57 363.06
1.57 363.06
1.58 367.09
1.58 367.09
1.58 367.09
1.58 367.09
1.58 367.09
1.58 367.09
1.58 367.09
1.58 367.09
1.58 367.09
1.58 367.09
1.58 367.09
1.59 371.07
1.59 371.07
1.59 371.07
1.59 371.07
1.59 371.07
1.59 371.07
1.59 371.07
1.59 371.07
1.59 371.07
1.59 371.07
1.59 371.07
1.60 375.00
1.60 375.00
1.60 375.00
1.60 375.00
1.60 375.00
1.60 375.00
1.60 375.00
1.60 375.00
1.60 375.00
1.60 375.00
1.60 375.00
1.61 378.88
1.61 378.88
1.61 378.88
1.61 378.88
1.61 378.88
1.61 378.88
1.61 378.88
1.61 378.88
1.61 378.88
1.61 378.88
1.61 378.88
1.62 382.72
1.62 382.72
1.62 382.72
1.62 382.72
1.62 382.72
1.62 382.72
1.62 382.72
1.62 382.72
1.62 382.72
1.62 382.72
1.62 382.72
1.63 386.50
1.63 386.50
1.63 386.50
1.63 386.50
1.63 386.50
1.63 386.50
1.63 386.50
1.63 386.50
1.63 386.50
1.63 386.50
1.63 386.50
1.64 390.24
1.64 390.24
1.64 390.24
1.64 390.24
1.64 390.24
1.64 390.24
1.64 390.24
1.64 390.24
1.64 390.24
1.64 390.24
1.64 390.24
1.65 393.94
1.65 393.94
1.65 393.94
1.65 393.94
1.65 393.94
1.65 393.94
1.65 393.94
1.65 393.94
1.65 393.94
1.65 393.94
1.65 393.94
1.66 397.59
1.66 397.59
1.66 397.59
1.66 397.59
1.66 397.59
1.66 397.59
1.66 397.59
1.66 397.59
1.66 397.59
1.66 397.59
1.66 397.59
1.67 401.20
1.67 401.20
1.67 401.20
1.67 401.20
1.67 401.20
1.67 401.20
1.67 401.20
1.67 401.20
1.67 401.20
1.67 401.20
1.67 401.20
1.68 404.76
1.68 404.76
1.68 404.76
1.68 404.76
1.68 404.76
1.68 404.76
1.68 404.76
1.68 404.76
1.68 404.76
1.68 404.76
1.68 404.76
1.69 408.28
1.69 408.28
1.69 408.28
1.69 408.28
1.69 408.28
1.69 408.28
1.69 408.28
1.69 408.28
1.69 408.28
1.69 408.28
1.69 408.28
1.70 411.76
1.70 411.76
1.70 411.76
1.70 411.76
1.70 411.76
1.70 411.76
1.70 411.76
1.70 411.76
1.70 411.76
1.70 411.76
1.70 411.76
1.71 415.20
1.71 415.20
1.71 415.20
1.71 415.20
1.71 415.20
1.71 415.20
1.71 415.20
1.71 415.20
1.71 415.20
1.71 415.20
1.71 415.20
1.72 418.60
1.72 418.60
1.72 418.60
1.72 418.60
1.72 418.60
1.72 418.60
1.72 418.60
1.72 418.60
1.72 418.60
1.72 418.60
1.72 418.60
1.73 421.97
1.73 421.97
1.73 421.97
1.73 421.97
1.73 421.97
1.73 421.97
1.73 421.97
1.73 421.97
1.73 421.97
1.73 421.97
1.73 421.97
1.74 425.29
1.74 425.29
1.74 425.29
1.74 425.29
1.74 425.29
1.74 425.29
1.74 425.29
1.74 425.29
1.74 425.29
1.74 425.29
1.74 425.29
1.75 428.57
1.75 428.57
1.75 428.57
1.75 428.57
1.75 428.57
1.75 428.57
1.75 428.57
1.75 428.57
1.75 428.57
1.75 428.57
1.75 428.57
1.76 431.82
1.76 431.82
1.76 431.82
1.76 431.82
1.76 431.82
1.76 431.82
1.76 431.82
1.76 431.82
1.76 431.82
1.76 431.82
1.76 431.82
1.77 435.03
1.77 435.03
1.77 435.03
1.77 435.03
1.77 435.03
1.77 435.03
1.77 435.03
1.77 435.03
1.77 435.03
1.77 435.03
1.77 435.03
1.78 438.20
1.78 438.20
1.78 438.20
1.78 438.20
1.78 438.20
1.78 438.20
1.78 438.20
1.78 438.20
1.78 438.20
1.78 438.20
1.78 438.20
1.79 441.34
1.79 441.34
1.79 441.34
1.79 441.34
1.79 441.34
1.79 441.34
1.79 441.34
1.79 441.34
1.79 441.34
1.79 441.34
1.79 441.34
1.80 444.44
1.80 444.44
1.80 444.44
1.80 444.44
1.80 444.44
1.80 444.44
1.80 444.44
1.80 444.44
1.80 444.44
1.80 444.44
1.80 444.44
1.81 447.51
1.81 447.51
1.81 447.51
1.81 447.51
1.81 447.51
1.81 447.51
1.81 447.51
1.81 447.51
1.81 447.51
1.81 447.51
1.81 447.51
1.82 450.55
1.82 450.55
1.82 450.55
1.82 450.55
1.82 450.55
1.82 450.55
1.82 450.55
1.82 450.55
1.82 450.55
1.82 450.55
1.82 450.55
1.83 453.55
1.83 453.55
1.83 453.55
1.83 453.55
1.83 453.55
1.83 453.55
1.83 453.55
1.83 453.55
1.83 453.55
1.83 453.55
1.83 453.55
1.84 456.52
1.84 456.52
1.84 456.52
1.84 456.52
1.84 456.52
1.84 456.52
1.84 456.52
1.84 456.52
1.84 456.52
1.84 456.52
1.84 456.52
1.85 459.46
1.85 459.46
1.85 459.46
1.85 459.46
1.85 459.46
1.85 459.46
1.85 459.46
1.85 459.46
1.85 459.46
1.85 459.46
1.85 459.46
1.86 462.37
1.86 462.37
1.86 462.37
1.86 462.37
1.86 462.37
1.86 462.37
1.86 462.37
1.86 462.37
1.86 462.37
1.86 462.37
1.86 462.37
1.87 465.24
1.87 465.24
1.87 465.24
1.87 465.24
1.87 465.24
1.87 465.24
1.87 465.24
1.87 465.24
1.87 465.24
1.87 465.24
1.87 465.24
1.88 468.09
1.88 468.09
1.88 468.09
1.88 468.09
1.88 468.09
1.88 468.09
1.88 468.09
1.88 468.09
1.88 468.09
1.88 468.09
1.88 468.09
1.89 470.90
1.89 470.90
1.89 470.90
1.89 470.90
1.89 470.90
1.89 470.90
1.89 470.90
1.89 470.90
1.89 470.90
1.89 470.90
1.89 470.90
1.90 473.68
1.90 473.68
1.90 473.68
1.90 473.68
1.90 473.68
1.90 473.68
1.90 473.68
1.90 473.68
1.90 473.68
1.90 473.68
1.90 473.68
1.91 476.44
1.91 476.44
1.91 476.44
1.91 476.44
1.91 476.44
1.91 476.44
1.91 476.44
1.91 476.44
1.91 476.44
1.91 476.44
1.91 476.44
1.92 479.17
1.92 479.17
1.92 479.17
1.92 479.17
1.92 479.17
1.92 479.17
1.92 479.17
1.92 479.17
1.92 479.17
1.92 479.17
1.92 479.17
1.93 481.87
1.93 481.87
1.93 481.87
1.93 481.87
1.93 481.87
1.93 481.87
1.93 481.87
1.93 481.87
1.93 481.87
1.93 481.87
1.93 481.87
1.94 484.54
1.94 484.54
1.94 484.54
1.94 484.54
1.94 484.54
1.94 484.54
1.94 484.54
1.94 484.54
1.94 484.54
1.94 484.54
1.94 484.54
1.95 487.18
1.95 487.18
1.95 487.18
1.95 487.18
1.95 487.18
1.95 487.18
1.95 487.18
1.95 487.18
1.95 487.18
1.95 487.18
1.95 487.18
1.96 489.80
1.96 489.80
1.96 489.80
1.96 489.80
1.96 489.80
1.96 489.80
1.96 489.80
1.96 489.80
1.96 489.80
1.96 489.80
1.96 489.80
1.97 492.39
1.97 492.39
1.97 492.39
1.97 492.39
1.97 492.39
1.97 492.39
1.97 492.39
1.97 492.39
1.97 492.39
1.97 492.39
1.97 492.39
1.98 494.95
1.98 494.95
1.98 494.95
1.98 494.95
1.98 494.95
1.98 494.95
1.98 494.95
1.98 494.95
1.98 494.95
1.98 494.95
1.98 494.95
1.99 497.49
1.99 497.49
1.99 497.49
1.99 497.49
1.99 497.49
1.99 497.49
1.99 497.49
1.99 497.49
1.99 497.49
1.99 497.49
1.99 497.49
2.00 500.00
2.00 500.00
2.00 500.00
2.00 500.00
2.00 500.00
2.00 500.00
2.00 500.00
2.00 500.00
2.00 500.00
2.00 500.00
2.00 500.00
2.01 502.49
2.01 502.49
2.01 502.49
2.01 502.49
2.01 502.49
2.01 502.49
2.01 502.49
2.01 502.49
2.01 502.49
2.01 502.49
2.01 502.49
2.02 504.95
2.02 504.95
2.02 504.95
2.02 504.95
2.02 504.95
2.02 504.95
2.02 504.95
2.02 504.95
2.02 504.95
2.02 504.95
2.02 504.95
2.03 507.39
2.03 507.39
2.03 507.39
2.03 507.39
2.03 507.39
2.03 507.39
2.03 507.39
2.03 507.39
2.03 507.39
2.03 507.39
2.03 507.39
2.04 509.80
2.04 509.80
2.04 509.80
2.04 509.80
2.04 509.80
2.04 509.80
2.04 509.80
2.04 509.80
2.04 509.80
2.04 509.80
2.04 509.80
2.05 512.20
2.05 512.20
2.05 512.20
2.05 512.20
2.05 512.20
2.05 512.20
2.05 512.20
2.05 512.20
2.05 512.20
2.05 512.20
2.05 512.20
2.06 514.56
2.06 514.56
2.06 514.56
2.06 514.56
2.06 514.56
2.06 514.56
2.06 514.56
2.06 514.56
2.06 514.56
2.06 514.56
2.06 514.56
2.07 516.91
2.07 516.91
2.07 516.91
2.07 516.91
2.07 516.91
2.07 516.91
2.07 516.91
2.07 516.91
2.07 516.91
2.07 516.91
2.07 516.91
2.08 519.23
2.08 519.23
2.08 519.23
2.08 519.23
2.08 519.23
2.08 519.23
2.08 519.23
2.08 519.23
2.08 519.23
2.08 519.23
2.08 519.23
2.09 521.53
2.09 521.53
2.09 521.53
2.09 521.53
2.09 521.53
2.09 521.53
2.09 521.53
2.09 521.53
2.09 521.53
2.09 521.53
2.09 521.53
2.10 523.81
2.10 523.81
2.10 523.81
2.10 523.81
2.10 523.81
2.10 523.81
2.10 523.81
2.10 523.81
2.10 523.81
2.10 523.81
2.10 523.81
2.11 526.07
2.11 526.07
2.11 526.07
2.11 526.07
2.11 526.07
2.11 526.07
2.11 526.07
2.11 526.07
2.11 526.07
2.11 526.07
2.11 526.07
2.12 528.30
2.12 528.30
2.12 528.30
2.12 528.30
2.12 528.30
2.12 528.30
2.12 528.30
2.12 528.30
2.12 528.30
2.12 528.30
2.12 528.30
2.13 530.52
2.13 530.52
2.13 530.52
2.13 530.52
2.13 530.52
2.13 530.52
2.13 530.52
2.13 530.52
2.13 530.52
2.13 530.52
2.13 530.52
2.14 532.71
2.14 532.71
2.14 532.71
2.14 532.71
2.14 532.71
2.14 532.71
2.14 532.71
2.14 532.71
2.14 532.71
2.14 532.71
2.14 532.71
2.15 534.88
2.15 534.88
2.15 534.88
2.15 534.88
2.15 534.88
2.15 534.88
2.15 534.88
2.15 534.88
2.15 534.88
2.15 534.88
2.15 534.88
2.16 537.04
2.16 537.04
2.16 537.04
2.16 537.04
2.16 537.04
2.16 537.04
2.16 537.04
2.16 537.04
2.16 537.04
2.16 537.04
2.16 537.04
2.17 539.17
2.17 539.17
2.17 539.17
2.17 539.17
2.17 539.17
2.17 539.17
2.17 539.17
2.17 539.17
2.17 539.17
2.17 539.17
2.17 539.17
2.18 541.28
2.18 541.28
2.18 541.28
2.18 541.28
2.18 541.28
2.18 541.28
2.18 541.28
2.18 541.28
2.18 541.28
2.18 541.28
2.18 541.28
2.19 543.38
2.19 543.38
2.19 543.38
2.19 543.38
2.19 543.38
2.19 543.38
2.19 543.38
2.19 543.38
2.19 543.38
2.19 543.38
2.19 543.38
2.20 545.45
2.20 545.45
2.20 545.45
2.20 545.45
2.20 545.45
2.20 545.45
2.20 545.45
2.20 545.45
2.20 545.45
2.20 545.45
2.20 545.45
2.21 547.51
2.21 547.51
2.21 547.51
2.21 547.51
2.21 547.51
2.21 547.51
2.21 547.51
2.21 547.51
2.21 547.51
2.21 547.51
2.21 547.51
2.22 549.55
2.22 549.55
2.22 549.55
2.22 549.55
2.22 549.55
2.22 549.55
2.22 549.55
2.22 549.55
2.22 549.55
2.22 549.55
2.22 549.55
2.23 551.57
2.23 551.57
2.23 551.57
2.23 551.57
2.23 551.57
2.23 551.57
2.23 551.57
2.23 551.57
2.23 551.57
2.23 551.57
2.23 551.57
2.24 553.57
2.24 553.57
2.24 553.57
2.24 553.57
2.24 553.57
2.24 553.57
2.24 553.57
2.24 553.57
2.24 553.57
2.24 553.57
2.24 553.57
2.25 555.56
2.25 555.56
2.25 555.56
2.25 555.56
2.25 555.56
2.25 555.56
2.25 555.56
2.25 555.56
2.25 555.56
2.25 555.56
2.25 555.56
2.26 557.52
2.26 557.52
2.26 557.52
2.26 557.52
2.26 557.52
2.26 557.52
2.26 557.52
2.26 557.52
2.26 557.52
2.26 557.52
2.26 557.52
2.27 559.47
2.27 559.47
2.27 559.47
2.27 559.47
2.27 559.47
2.27 559.47
2.27 559.47
2.27 559.47
2.27 559.47
2.27 559.47
2.27 559.47
2.28 561.40
2.28 561.40
2.28 561.40
2.28 561.40
2.28 561.40
2.28 561.40
2.28 561.40
2.28 561.40
2.28 561.40
2.28 561.40
2.28 561.40
2.29 563.32
2.29 563.32
2.29 563.32
2.29 563.32
2.29 563.32
2.29 563.32
2.29 563.32
2.29 563.32
2.29 563.32
2.29 563.32
2.29 563.32
2.30 565.22
2.30 565.22
2.30 565.22
2.30 565.22
2.30 565.22
2.30 565.22
2.30 565.22
2.30 565.22
2.30 565.22
2.30 565.22
2.30 565.22
2.31 567.10
2.31 567.10
2.31 567.10
2.31 567.10
2.31 567.10
2.31 567.10
2.31 567.10
2.31 567.10
2.31 567.10
2.31 567.10
2.31 567.10
2.32 568.97
2.32 568.97
2.32 568.97
2.32 568.97
2.32 568.97
2.32 568.97
2.32 568.97
2.32 568.97
2.32 568.97
2.32 568.97
2.32 568.97
2.33 570.82
2.33 570.82
2.33 570.82
2.33 570.82
2.33 570.82
2.33 570.82
2.33 570.82
2.33 570.82
2.33 570.82
2.33 570.82
2.33 570.82
2.34 572.65
2.34 572.65
2.34 572.65
2.34 572.65
2.34 572.65
2.34 572.65
2.34 572.65
2.34 572.65
2.34 572.65
2.34 572.65
2.34 572.65
2.35 574.47
2.35 574.47
2.35 574.47
2.35 574.47
2.35 574.47
2.35 574.47
2.35 574.47
2.35 574.47
2.35 574.47
2.35 574.47
2.35 574.47
2.36 576.27
2.36 576.27
2.36 576.27
2.36 576.27
2.36 576.27
2.36 576.27
2.36 576.27
2.36 576.27
2.36 576.27
2.36 576.27
2.36 576.27
2.37 578.06
2.37 578.06
2.37 578.06
2.37 578.06
2.37 578.06
2.37 578.06
2.37 578.06
2.37 578.06
2.37 578.06
2.37 578.06
2.37 578.06
2.38 579.83
2.38 579.83
2.38 579.83
2.38 579.83
2.38 579.83
2.38 579.83
2.38 579.83
2.38 579.83
2.38 579.83
2.38 579.83
2.38 579.83
2.39 581.59
2.39 581.59
2.39 581.59
2.39 581.59
2.39 581.59
2.39 581.59
2.39 581.59
2.39 581.59
2.39 581.59
2.39 581.59
2.39 581.59
2.40 583.33
2.40 583.33
2.40 583.33
2.40 583.33
2.40 583.33
2.40 583.33
2.40 583.33
2.40 583.33
2.40 583.33
2.40 583.33
2.40 583.33
2.41 585.06
2.41 585.06
2.41 585.06
2.41 585.06
2.41 585.06
2.41 585.06
2.41 585.06
2.41 585.06
2.41 585.06
2.41 585.06
2.41 585.06
2.42 586.78
2.42 586.78
2.42 586.78
2.42 586.78
2.42 586.78
2.42 586.78
2.42 586.78
2.42 586.78
2.42 586.78
2.42 586.78
2.42 586.78
2.43 588.48
2.43 588.48
2.43 588.48
2.43 588.48
2.43 588.48
2.43 588.48
2.43 588.48
2.43 588.48
2.43 588.48
2.43 588.48
2.43 588.48
2.44 590.16
2.44 590.16
2.44 590.16
2.44 590.16
2.44 590.16
2.44 590.16
2.44 590.16
2.44 590.16
2.44 590.16
2.44 590.16
2.44 590.16
2.45 591.84
2.45 591.84
2.45 591.84
2.45 591.84
2.45 591.84
2.45 591.84
2.45 591.84
2.45 591.84
2.45 591.84
2.45 591.84
2.45 591.84
2.46 593.50
2.46 593.50
2.46 593.50
2.46 593.50
2.46 593.50
2.46 593.50
2.46 593.50
2.46 593.50
2.46 593.50
2.46 593.50
2.46 593.50
2.47 595.14
2.47 595.14
2.47 595.14
2.47 595.14
2.47 595.14
2.47 595.14
2.47 595.14
2.47 595.14
2.47 595.14
2.47 595.14
2.47 595.14
2.48 596.77
2.48 596.77
2.48 596.77
2.48 596.77
2.48 596.77
2.48 596.77
2.48 596.77
2.48 596.77
2.48 596.77
2.48 596.77
2.48 596.77
2.49 598.39
2.49 598.39
2.49 598.39
2.49 598.39
2.49 598.39
2.49 598.39
2.49 598.39
2.49 598.39
2.49 598.39
2.49 598.39
2.49 598.39
2.50 600.00
2.50 600.00
2.50 600.00
2.50 600.00
2.50 600.00
2.50 600.00
2.50 600.00
2.50 600.00
2.50 600.00
2.50 600.00
2.50 600.00
2.51 601.59
2.51 601.59
2.51 601.59
2.51 601.59
2.51 601.59
2.51 601.59
2.51 601.59
2.51 601.59
2.51 601.59
2.51 601.59
2.51 601.59
2.52 603.17
2.52 603.17
2.52 603.17
2.52 603.17
2.52 603.17
2.52 603.17
2.52 603.17
2.52 603.17
2.52 603.17
2.52 603.17
2.52 603.17
2.53 604.74
2.53 604.74
2.53 604.74
2.53 604.74
2.53 604.74
2.53 604.74
2.53 604.74
2.53 604.74
2.53 604.74
2.53 604.74
2.53 604.74
2.54 606.30
2.54 606.30
2.54 606.30
2.54 606.30
2.54 606.30
2.54 606.30
2.54 606.30
2.54 606.30
2.54 606.30
2.54 606.30
2.54 606.30
2.55 607.84
2.55 607.84
2.55 607.84
2.55 607.84
2.55 607.84
2.55 607.84
2.55 607.84
2.55 607.84
2.55 607.84
2.55 607.84
2.55 607.84
2.56 609.37
2.56 609.38
2.56 609.37
2.56 609.38
2.56 609.37
2.56 609.38
2.56 609.37
2.56 609.38
2.56 609.37
2.56 609.38
2.56 609.37
2.57 610.89
2.57 610.89
2.57 610.89
2.57 610.89
2.57 610.89
2.57 610.89
2.57 610.89
2.57 610.89
2.57 610.89
2.57 610.89
2.57 610.89
2.58 612.40
2.58 612.40
2.58 612.40
2.58 612.40
2.58 612.40
2.58 612.40
2.58 612.40
2.58 612.40
2.58 612.40
2.58 612.40
2.58 612.40
2.59 613.90
2.59 613.90
2.59 613.90
2.59 613.90
2.59 613.90
2.59 613.90
2.59 613.90
2.59 613.90
2.59 613.90
2.59 613.90
2.59 613.90
2.60 615.38
2.60 615.38
2.60 615.38
2.60 615.38
2.60 615.38
2.60 615.38
2.60 615.38
2.60 615.38
2.60 615.38
2.60 615.38
2.60 615.38
2.61 616.86
2.61 616.86
2.61 616.86
2.61 616.86
2.61 616.86
2.61 616.86
2.61 616.86
2.61 616.86
2.61 616.86
2.61 616.86
2.61 616.86
2.62 618.32
2.62 618.32
2.62 618.32
2.62 618.32
2.62 618.32
2.62 618.32
2.62 618.32
2.62 618.32
2.62 618.32
2.62 618.32
2.62 618.32
2.63 619.77
2.63 619.77
2.63 619.77
2.63 619.77
2.63 619.77
2.63 619.77
2.63 619.77
2.63 619.77
2.63 619.77
2.63 619.77
2.63 619.77
2.64 621.21
2.64 621.21
2.64 621.21
2.64 621.21
2.64 621.21
2.64 621.21
2.64 621.21
2.64 621.21
2.64 621.21
2.64 621.21
2.64 621.21
2.65 622.64
2.65 622.64
2.65 622.64
2.65 622.64
2.65 622.64
2.65 622.64
2.65 622.64
2.65 622.64
2.65 622.64
2.65 622.64
2.65 622.64
2.66 624.06
2.66 624.06
2.66 624.06
2.66 624.06
2.66 624.06
2.66 624.06
2.66 624.06
2.66 624.06
2.66 624.06
2.66 624.06
2.66 624.06
2.67 625.47
2.67 625.47
2.67 625.47
2.67 625.47
2.67 625.47
2.67 625.47
2.67 625.47
2.67 625.47
2.67 625.47
2.67 625.47
2.67 625.47
2.68 626.87
2.68 626.87
2.68 626.87
2.68 626.87
2.68 626.87
2.68 626.87
2.68 626.87
2.68 626.87
2.68 626.87
2.68 626.87
2.68 626.87
2.69 628.25
2.69 628.25
2.69 628.25
2.69 628.25
2.69 628.25
2.69 628.25
2.69 628.25
2.69 628.25
2.69 628.25
2.69 628.25
2.69 628.25
2.70 629.63
2.70 629.63
2.70 629.63
2.70 629.63
2.70 629.63
2.70 629.63
2.70 629.63
2.70 629.63
2.70 629.63
2.70 629.63
2.70 629.63
2.71 631.00
2.71 631.00
2.71 631.00
2.71 631.00
2.71 631.00
2.71 631.00
2.71 631.00
2.71 631.00
2.71 631.00
2.71 631.00
2.71 631.00
2.72 632.35
2.72 632.35
2.72 632.35
2.72 632.35
2.72 632.35
2.72 632.35
2.72 632.35
2.72 632.35
2.72 632.35
2.72 632.35
2.72 632.35
2.73 633.70
2.73 633.70
2.73 633.70
2.73 633.70
2.73 633.70
2.73 633.70
2.73 633.70
2.73 633.70
2.73 633.70
2.73 633.70
2.73 633.70
2.74 635.04
2.74 635.04
2.74 635.04
2.74 635.04
2.74 635.04
2.74 635.04
2.74 635.04
2.74 635.04
2.74 635.04
2.74 635.04
2.74 635.04
2.75 636.36
2.75 636.36
2.75 636.36
2.75 636.36
2.75 636.36
2.75 636.36
2.75 636.36
2.75 636.36
2.75 636.36
2.75 636.36
2.75 636.36
2.76 637.68
2.76 637.68
2.76 637.68
2.76 637.68
2.76 637.68
2.76 637.68
2.76 637.68
2.76 637.68
2.76 637.68
2.76 637.68
2.76 637.68
2.77 638.99
2.77 638.99
2.77 638.99
2.77 638.99
2.77 638.99
2.77 638.99
2.77 638.99
2.77 638.99
2.77 638.99
2.77 638.99
2.77 638.99
2.78 640.29
2.78 640.29
2.78 640.29
2.78 640.29
2.78 640.29
2.78 640.29
2.78 640.29
2.78 640.29
2.78 640.29
2.78 640.29
2.78 640.29
2.79 641.58
2.79 641.58
2.79 641.58
2.79 641.58
2.79 641.58
2.79 641.58
2.79 641.58
2.79 641.58
2.79 641.58
2.79 641.58
2.79 641.58
2.80 642.86
2.80 642.86
2.80 642.86
2.80 642.86
2.80 642.86
2.80 642.86
2.80 642.86
2.80 642.86
2.80 642.86
2.80 642.86
2.80 642.86
2.81 644.13
2.81 644.13
2.81 644.13
2.81 644.13
2.81 644.13
2.81 644.13
2.81 644.13
2.81 644.13
2.81 644.13
2.81 644.13
2.81 644.13
2.82 645.39
2.82 645.39
2.82 645.39
2.82 645.39
2.82 645.39
2.82 645.39
2.82 645.39
2.82 645.39
2.82 645.39
2.82 645.39
2.82 645.39
2.83 646.64
2.83 646.64
2.83 646.64
2.83 646.64
2.83 646.64
2.83 646.64
2.83 646.64
2.83 646.64
2.83 646.64
2.83 646.64
2.83 646.64
2.84 647.89
2.84 647.89
2.84 647.89
2.84 647.89
2.84 647.89
2.84 647.89
2.84 647.89
2.84 647.89
2.84 647.89
2.84 647.89
2.84 647.89
2.85 649.12
2.85 649.12
2.85 649.12
2.85 649.12
2.85 649.12
2.85 649.12
2.85 649.12
2.85 649.12
2.85 649.12
2.85 649.12
2.85 649.12
2.86 650.35
2.86 650.35
2.86 650.35
2.86 650.35
2.86 650.35
2.86 650.35
2.86 650.35
2.86 650.35
2.86 650.35
2.86 650.35
2.86 650.35
2.87 651.57
2.87 651.57
2.87 651.57
2.87 651.57
2.87 651.57
2.87 651.57
2.87 651.57
2.87 651.57
2.87 651.57
2.87 651.57
2.87 651.57
2.88 652.78
2.88 652.78
2.88 652.78
2.88 652.78
2.88 652.78
2.88 652.78
2.88 652.78
2.88 652.78
2.88 652.78
2.88 652.78
2.88 652.78
2.89 653.98
2.89 653.98
2.89 653.98
2.89 653.98
2.89 653.98
2.89 653.98
2.89 653.98
2.89 653.98
2.89 653.98
2.89 653.98
2.89 653.98
2.90 655.17
2.90 655.17
2.90 655.17
2.90 655.17
2.90 655.17
2.90 655.17
2.90 655.17
2.90 655.17
2.90 655.17
2.90 655.17
2.90 655.17
2.91 656.36
2.91 656.36
2.91 656.36
2.91 656.36
2.91 656.36
2.91 656.36
2.91 656.36
2.91 656.36
2.91 656.36
2.91 656.36
2.91 656.36
2.92 657.53
2.92 657.53
2.92 657.53
2.92 657.53
2.92 657.53
2.92 657.53
2.92 657.53
2.92 657.53
2.92 657.53
2.92 657.53
2.92 657.53
2.93 658.70
2.93 658.70
2.93 658.70
2.93 658.70
2.93 658.70
2.93 658.70
2.93 658.70
2.93 658.70
2.93 658.70
2.93 658.70
2.93 658.70
2.94 659.86
2.94 659.86
2.94 659.86
2.94 659.86
2.94 659.86
2.94 659.86
2.94 659.86
2.94 659.86
2.94 659.86
2.94 659.86
2.94 659.86
2.95 661.02
2.95 661.02
2.95 661.02
2.95 661.02
2.95 661.02
2.95 661.02
2.95 661.02
2.95 661.02
2.95 661.02
2.95 661.02
2.95 661.02
2.96 662.16
2.96 662.16
2.96 662.16
2.96 662.16
2.96 662.16
2.96 662.16
2.96 662.16
2.96 662.16
2.96 662.16
2.96 662.16
2.96 662.16
2.97 663.30
2.97 663.30
2.97 663.30
2.97 663.30
2.97 663.30
2.97 663.30
2.97 663.30
2.97 663.30
2.97 663.30
2.97 663.30
2.97 663.30
2.98 664.43
2.98 664.43
2.98 664.43
2.98 664.43
2.98 664.43
2.98 664.43
2.98 664.43
2.98 664.43
2.98 664.43
2.98 664.43
2.98 664.43
2.99 665.55
2.99 665.55
2.99 665.55
2.99 665.55
2.99 665.55
2.99 665.55
2.99 665.55
2.99 665.55
2.99 665.55
2.99 665.55
2.99 665.55
3.00 665.66
3.00 667.67
3.00 665.66
3.00 667.67
3.00 665.66
3.00 667.67
3.00 665.66
3.00 667.67
3.00 665.66
3.00 667.67
3.00 665.66
3.01 632.85
3.01 699.38
3.01 632.85
3.01 699.38
3.01 632.85
3.01 699.38
3.01 632.85
3.01 699.38
3.01 632.85
3.01 699.38
3.01 632.85
3.02 618.62
3.02 712.51
3.02 618.62
3.02 712.51
3.02 618.62
3.02 712.51
3.02 618.62
3.02 712.51
3.02 618.62
3.02 712.51
3.02 618.62
3.03 607.64
3.03 722.39
3.03 607.64
3.03 722.39
3.03 607.64
3.03 722.39
3.03 607.64
3.03 722.39
3.03 607.64
3.03 722.39
3.03 607.64
3.04 598.36
3.04 730.59
3.04 598.36
3.04 730.59
3.04 598.36
3.04 730.59
3.04 598.36
3.04 730.59
3.04 598.36
3.04 730.59
3.04 598.36
3.05 590.16
3.05 737.70
3.05 590.16
3.05 737.70
3.05 590.16
3.05 737.70
3.05 590.16
3.05 737.70
3.05 590.16
3.05 737.70
3.05 590.16
3.06 582.75
3.06 744.05
3.06 582.75
3.06 744.05
3.06 582.75
3.06 744.05
3.06 582.75
3.06 744.05
3.06 582.75
3.06 744.05
3.06 582.75
3.07 575.93
3.07 749.80
3.07 575.93
3.07 749.80
3.07 575.93
3.07 749.80
3.07 575.93
3.07 749.80
3.07 575.93
3.07 749.80
3.07 575.93
3.08 569.59
3.08 755.08
3.08 569.59
3.08 755.08
3.08 569.59
3.08 755.08
3.08 569.59
3.08 755.08
3.08 569.59
3.08 755.08
3.08 569.59
3.09 563.64
3.09 759.99
3.09 563.64
3.09 759.99
3.09 563.64
3.09 759.99
3.09 563.64
3.09 759.99
3.09 563.64
3.09 759.99
3.09 563.64
3.10 558.01
3.10 764.57
3.10 558.01
3.10 764.57
3.10 558.01
3.10 764.57
3.10 558.01
3.10 764.57
3.10 558.01
3.10 764.57
3.10 558.01
3.11 552.67
3.11 768.87
3.11 552.67
3.11 768.87
3.11 552.67
3.11 768.87
3.11 552.67
3.11 768.87
3.11 552.67
3.11 768.87
3.11 552.67
3.12 547.57
3.12 772.94
3.12 547.57
3.12 772.94
3.12 547.57
3.12 772.94
3.12 547.57
3.12 772.94
3.12 547.57
3.12 772.94
3.12 547.57
3.13 542.69
3.13 776.79
3.13 542.69
3.13 776.79
3.13 542.69
3.13 776.79
3.13 542.69
3.13 776.79
3.13 542.69
3.13 776.79
3.13 542.69
3.14 538.01
3.14 780.46
3.14 538.01
3.14 780.46
3.14 538.01
3.14 780.46
3.14 538.01
3.14 780.46
3.14 538.01
3.14 780.46
3.14 538.01
3.15 533.49
3.15 783.97
3.15 533.49
3.15 783.97
3.15 533.49
3.15 783.97
3.15 533.49
3.15 783.97
3.15 533.49
3.15 783.97
3.15 533.49
3.16 529.14
3.16 787.32
3.16 529.14
3.16 787.32
3.16 529.14
3.16 787.32
3.16 529.14
3.16 787.32
3.16 529.14
3.16 787.32
3.16 529.14
3.17 524.93
3.17 790.53
3.17 524.93
3.17 790.53
3.17 524.93
3.17 790.53
3.17 524.93
3.17 790.53
3.17 524.93
3.17 790.53
3.17 524.93
3.18 520.85
3.18 793.62
3.18 520.85
3.18 793.62
3.18 520.85
3.18 793.62
3.18 520.85
3.18 793.62
3.18 520.85
3.18 793.62
3.18 520.85
3.19 516.89
3.19 796.59
3.19 516.89
3.19 796.59
3.19 516.89
3.19 796.59
3.19 516.89
3.19 796.59
3.19 516.89
3.19 796.59
3.19 516.89
3.20 513.04
3.20 799.46
3.20 513.04
3.20 799.46
3.20 513.04
3.20 799.46
3.20 513.04
3.20 799.46
3.20 513.04
3.20 799.46
3.20 513.04
3.21 509.30
3.21 802.22
3.21 509.30
3.21 802.22
3.21 509.30
3.21 802.22
3.21 509.30
3.21 802.22
3.21 509.30
3.21 802.22
3.21 509.30
3.22 505.66
3.22 804.90
3.22 505.66
3.22 804.90
3.22 505.66
3.22 804.90
3.22 505.66
3.22 804.90
3.22 505.66
3.22 804.90
3.22 505.66
3.23 502.11
3.23 807.49
3.23 502.11
3.23 807.49
3.23 502.11
3.23 807.49
3.23 502.11
3.23 807.49
3.23 502.11
3.23 807.49
3.23 502.11
3.24 498.65
3.24 809.99
3.24 498.65
3.24 809.99
3.24 498.65
3.24 809.99
3.24 498.65
3.24 809.99
3.24 498.65
3.24 809.99
3.24 498.65
3.25 495.27
3.25 812.43
3.25 495.27
3.25 812.43
3.25 495.27
3.25 812.43
3.25 495.27
3.25 812.43
3.25 495.27
3.25 812.43
3.25 495.27
3.26 491.96
3.26 814.79
3.26 491.96
3.26 814.79
3.26 491.96
3.26 814.79
3.26 491.96
3.26 814.79
3.26 491.96
3.26 814.79
3.26 491.96
3.27 488.73
3.27 817.08
3.27 488.73
3.27 817.08
3.27 488.73
3.27 817.08
3.27 488.73
3.27 817.08
3.27 488.73
3.27 817.08
3.27 488.73
3.28 485.56
3.28 819.32
3.28 485.56
3.28 819.32
3.28 485.56
3.28 819.32
3.28 485.56
3.28 819.32
3.28 485.56
3.28 819.32
3.28 485.56
3.29 482.46
3.29 821.49
3.29 482.46
3.29 821.49
3.29 482.46
3.29 821.49
3.29 482.46
3.29 821.49
3.29 482.46
3.29 821.49
3.29 482.46
3.30 479.43
3.30 823.60
3.30 479.43
3.30 823.60
3.30 479.43
3.30 823.60
3.30 479.43
3.30 823.60
3.30 479.43
3.30 823.60
3.30 479.43
3.31 476.45
3.31 825.66
3.31 476.45
3.31 825.66
3.31 476.45
3.31 825.66
3.31 476.45
3.31 825.66
3.31 476.45
3.31 825.66
3.31 476.45
3.32 473.53
3.32 827.67
3.32 473.53
3.32 827.67
3.32 473.53
3.32 827.67
3.32 473.53
3.32 827.67
3.32 473.53
3.32 827.67
3.32 473.53
3.33 470.67
3.33 829.63
3.33 470.67
3.33 829.63
3.33 470.67
3.33 829.63
3.33 470.67
3.33 829.63
3.33 470.67
3.33 829.63
3.33 470.67
3.34 467.85
3.34 831.55
3.34 467.85
3.34 831.55
3.34 467.85
3.34 831.55
3.34 467.85
3.34 831.55
3.34 467.85
3.34 831.55
3.34 467.85
3.35 465.09
3.35 833.42
3.35 465.09
3.35 833.42
3.35 465.09
3.35 833.42
3.35 465.09
3.35 833.42
3.35 465.09
3.35 833.42
3.35 465.09
3.36 462.38
3.36 835.24
3.36 462.38
3.36 835.24
3.36 462.38
3.36 835.24
3.36 462.38
3.36 835.24
3.36 462.38
3.36 835.24
3.36 462.38
3.37 459.71
3.37 837.03
3.37 459.71
3.37 837.03
3.37 459.71
3.37 837.03
3.37 459.71
3.37 837.03
3.37 459.71
3.37 837.03
3.37 459.71
3.38 457.08
3.38 838.77
3.38 457.08
3.38 838.77
3.38 457.08
3.38 838.77
3.38 457.08
3.38 838.77
3.38 457.08
3.38 838.77
3.38 457.08
3.39 454.50
3.39 840.48
3.39 454.50
3.39 840.48
3.39 454.50
3.39 840.48
3.39 454.50
3.39 840.48
3.39 454.50
3.39 840.48
3.39 454.50
3.40 451.96
3.40 842.15
3.40 451.96
3.40 842.15
3.40 451.96
3.40 842.15
3.40 451.96
3.40 842.15
3.40 451.96
3.40 842.15
3.40 451.96
3.41 449.46
3.41 843.79
3.41 449.46
3.41 843.79
3.41 449.46
3.41 843.79
3.41 449.46
3.41 843.79
3.41 449.46
3.41 843.79
3.41 449.46
3.42 447.00
3.42 845.39
3.42 447.00
3.42 845.39
3.42 447.00
3.42 845.39
3.42 447.00
3.42 845.39
3.42 447.00
3.42 845.39
3.42 447.00
3.43 444.58
3.43 846.97
3.43 444.58
3.43 846.97
3.43 444.58
3.43 846.97
3.43 444.58
3.43 846.97
3.43 444.58
3.43 846.97
3.43 444.58
3.44 442.19
3.44 848.50
3.44 442.19
3.44 848.50
3.44 442.19
3.44 848.50
3.44 442.19
3.44 848.50
3.44 442.19
3.44 848.50
3.44 442.19
3.45 445.97
3.45 852.43
3.45 433.99
3.45 847.47
3.45 445.97
3.45 852.43
3.45 433.99
3.45 847.47
3.45 445.97
3.45 852.43
3.45 433.99
3.46 413.23
3.46 838.95
3.46 467.49
3.46 861.34
3.46 413.23
3.46 838.95
3.46 467.49
3.46 861.34
3.46 413.23
3.46 838.95
3.46 467.49
3.47 478.56
3.47 865.91
3.47 402.91
3.47 834.79
3.47 478.56
3.47 865.91
3.47 402.91
3.47 834.79
3.47 478.56
3.47 865.91
3.47 402.91
3.48 395.06
3.48 831.68
3.48 487.16
3.48 869.43
3.48 395.06
3.48 831.68
3.48 487.16
3.48 869.43
3.48 395.06
3.48 831.68
3.48 487.16
3.49 494.45
3.49 872.39
3.49 388.52
3.49 829.13
3.49 494.45
3.49 872.39
3.49 388.52
3.49 829.13
3.49 494.45
3.49 872.39
3.49 388.52
3.50 382.82
3.50 826.94
3.50 500.88
3.50 875.00
3.50 382.82
3.50 826.94
3.50 500.88
3.50 875.00
3.50 382.82
3.50 826.94
3.50 500.88
3.51 506.71
3.51 877.34
3.51 377.72
3.51 825.02
3.51 506.71
3.51 877.34
3.51 377.72
3.51 825.02
3.51 506.71
3.51 877.34
3.51 377.72
3.52 373.08
3.52 823.30
3.52 512.08
3.52 879.49
3.52 373.08
3.52 823.30
3.52 512.08
3.52 879.49
3.52 373.08
3.52 823.30
3.52 512.08
3.53 517.07
3.53 881.47
3.53 368.81
3.53 821.75
3.53 517.07
3.53 881.47
3.53 368.81
3.53 821.75
3.53 517.07
3.53 881.47
3.53 368.81
3.54 364.84
3.54 820.33
3.54 521.75
3.54 883.32
3.54 364.84
3.54 820.33
3.54 521.75
3.54 883.32
3.54 364.84
3.54 820.33
3.54 521.75
3.55 506.03
3.55 887.37
3.55 354.80
3.55 812.66
3.55 540.47
3.55 881.68
3.55 370.33
3.55 827.81
3.55 506.03
3.55 887.37
3.55 354.80
3.56 348.82
3.56 808.64
3.56 550.88
3.56 880.78
3.56 373.81
3.56 833.31
3.56 494.49
3.56 889.89
3.56 348.82
3.56 808.64
3.56 550.88
3.57 548.14
3.57 884.23
3.57 365.46
3.57 827.88
3.57 508.71
3.57 892.23
3.57 343.28
3.57 804.81
3.57 560.81
3.57 879.30
3.57 378.89
3.58 337.10
3.58 800.00
3.58 572.79
3.58 876.03
3.58 388.79
3.58 850.73
3.58 454.63
3.58 887.63
3.58 357.08
3.58 821.87
3.58 524.10
3.59 557.12
3.59 885.79
3.59 363.20
3.59 830.32
3.59 505.80
3.59 897.38
3.59 330.60
3.59 794.48
3.59 586.17
3.59 870.84
3.59 403.79
3.60 560.99
3.60 886.61
3.60 361.93
3.60 831.37
3.60 504.70
3.60 899.92
3.60 324.23
3.60 788.78
3.60 599.79
3.60 864.15
3.60 422.62
3.61 339.47
3.61 809.47
3.61 556.77
3.61 890.86
3.61 350.98
3.61 822.34
3.61 527.42
3.61 899.79
3.61 325.52
3.61 792.60
3.61 593.43
3.62 353.54
3.62 827.34
3.62 517.10
3.62 903.94
3.62 314.33
3.62 780.21
3.62 620.77
3.62 852.20
3.62 455.96
3.62 897.98
3.62 331.63
3.63 643.65
3.63 832.60
3.63 505.95
3.63 907.37
3.63 305.10
3.63 769.60
3.63 643.65
3.63 832.60
3.63 505.95
3.63 907.37
3.63 305.10
3.64 631.24
3.64 847.31
3.64 470.93
3.64 906.92
3.64 307.26
3.64 774.78
3.64 635.16
3.64 843.50
3.64 480.50
3.64 908.62
3.64 302.24
3.65 551.89
3.65 902.67
3.65 320.67
3.65 795.12
3.65 594.60
3.65 879.83
3.65 385.90
3.65 864.98
3.65 426.27
3.65 892.66
3.65 349.73
3.66 440.70
3.66 902.13
3.66 323.15
3.66 800.53
3.66 584.45
3.66 888.90
3.66 361.45
3.66 844.74
3.66 480.02
3.66 913.54
3.66 289.09
3.67 458.86
3.67 911.29
3.67 296.69
3.67 765.80
3.67 658.22
3.67 825.63
3.67 528.36
3.67 914.55
3.67 286.81
3.67 750.70
3.67 686.85
3.68 538.14
3.68 914.65
3.68 287.29
3.68 753.50
3.68 683.51
3.68 796.07
3.68 597.41
3.68 885.08
3.68 374.31
3.68 861.86
3.68 438.12
3.69 744.36
3.69 702.17
3.69 771.68
3.69 650.15
3.69 839.31
3.69 497.66
3.69 922.48
3.69 263.88
3.69 716.76
3.69 749.12
3.69 693.50
3.70 669.75
3.70 818.39
3.70 549.93
3.70 915.78
3.70 285.38
3.70 754.58
3.70 685.21
3.70 798.09
3.70 596.24
3.70 890.73
3.70 360.11
3.71 413.94
3.71 900.02
3.71 333.83
3.71 825.06
3.71 535.49
3.71 922.83
3.71 264.22
3.71 721.25
3.71 745.89
3.71 703.18
3.71 774.35
3.72 527.80
3.72 927.12
3.72 251.34
3.72 699.99
3.72 781.22
3.72 635.80
3.72 861.40
3.72 444.14
3.72 918.39
3.72 278.80
3.72 747.99
3.73 670.15
3.73 824.51
3.73 539.71
3.73 926.62
3.73 253.63
3.73 706.10
3.73 774.06
3.73 652.34
3.73 845.93
3.73 486.13
3.73 931.78
3.74 934.95
3.74 227.48
3.74 657.23
3.74 842.54
3.74 496.18
3.74 934.95
3.74 227.48
3.74 657.23
3.74 842.54
3.74 496.18
3.74 934.95
3.75 624.92
3.75 878.98
3.75 398.91
3.75 899.18
3.75 339.97
3.75 841.47
3.75 500.25
3.75 937.50
3.75 219.73
3.75 642.93
3.75 860.89
3.76 290.64
3.76 775.19
3.76 655.25
3.76 849.38
3.76 481.04
3.76 938.65
3.76 216.53
3.76 637.87
3.76 868.53
3.76 429.33
3.76 921.22
3.77 864.31
3.77 442.14
3.77 929.88
3.77 245.83
3.77 698.94
3.77 793.29
3.77 618.20
3.77 889.83
3.77 369.58
3.77 878.38
3.77 402.76
3.78 342.54
3.78 851.28
3.78 478.56
3.78 943.26
3.78 202.30
3.78 609.99
3.78 899.27
3.78 342.41
3.78 851.12
3.78 478.97
3.78 943.33
3.79 753.66
3.79 703.63
3.79 790.34
3.79 628.01
3.79 885.40
3.79 384.56
3.79 896.99
3.79 350.18
3.79 862.43
3.79 449.65
3.79 937.89
3.80 947.03
3.80 190.62
3.80 586.27
3.80 921.72
3.80 274.19
3.80 756.23
3.80 700.51
3.80 797.23
3.80 614.29
3.80 900.36
3.80 340.89
3.81 672.64
3.81 838.95
3.81 514.78
3.81 951.67
3.81 175.25
3.81 550.68
3.81 942.71
3.81 205.75
3.81 622.63
3.81 895.21
3.81 357.42
3.82 550.21
3.82 945.37
3.82 197.29
3.82 604.96
3.82 912.92
3.82 303.68
3.82 807.77
3.82 593.15
3.82 921.85
3.82 275.19
3.82 761.94
3.83 504.67
3.83 957.42
3.83 156.15
3.83 504.67
3.83 957.42
3.83 156.15
3.83 504.67
3.83 957.42
3.83 156.15
3.83 504.67
3.83 957.42
3.84 149.41
3.84 488.00
3.84 959.45
3.84 149.41
3.84 488.00
3.84 959.45
3.84 149.41
3.84 488.00
3.84 959.45
3.84 149.41
3.84 488.00
3.85 959.55
3.85 149.43
3.85 489.33
3.85 962.06
3.85 140.52
3.85 464.99
3.85 957.78
3.85 155.68
3.85 506.07
3.85 962.36
3.85 139.47
3.86 134.37
3.86 448.97
3.86 954.95
3.86 166.07
3.86 534.57
3.86 960.39
3.86 146.85
3.86 483.60
3.86 963.96
3.86 134.10
3.86 448.20
3.87 136.55
3.87 456.28
3.87 960.10
3.87 148.24
3.87 488.65
3.87 967.00
3.87 123.49
3.87 418.89
3.87 942.04
3.87 211.30
3.87 644.94
3.88 268.30
3.88 761.70
3.88 704.26
3.88 808.12
3.88 601.65
3.88 929.91
3.88 252.89
3.88 733.08
3.88 759.21
3.88 709.30
3.88 800.03
3.89 235.86
3.89 701.10
3.89 815.18
3.89 586.08
3.89 943.68
3.89 206.76
3.89 638.01
3.89 898.41
3.89 355.03
3.89 890.75
3.89 378.57
3.90 869.81
3.90 441.64
3.90 961.72
3.90 143.58
3.90 479.56
3.90 973.37
3.90 101.09
3.90 354.39
3.90 892.31
3.90 374.77
3.90 913.84
3.91 859.16
3.91 473.14
3.91 974.68
3.91 96.50
3.91 340.90
3.91 878.53
3.91 417.25
3.91 950.73
3.91 183.17
3.91 585.00
3.91 949.25
3.92 832.55
3.92 546.50
3.92 971.53
3.92 108.44
3.92 379.00
3.92 922.60
3.92 279.91
3.92 790.11
3.92 650.07
3.92 891.72
3.92 378.51
3.93 647.96
3.93 896.46
3.93 364.78
3.93 910.64
3.93 319.80
3.93 854.88
3.93 487.56
3.93 981.89
3.93 69.88
3.93 255.43
3.93 747.43
3.94 152.73
3.94 509.86
3.94 984.62
3.94 59.68
3.94 221.09
3.94 678.51
3.94 859.45
3.94 475.92
3.94 982.72
3.94 66.92
3.94 246.03
3.95 960.20
3.95 150.95
3.95 506.26
3.95 987.35
3.95 49.35
3.95 185.33
3.95 596.37
3.95 950.82
3.95 184.72
3.95 594.87
3.95 951.95
3.96 886.48
3.96 398.51
3.96 949.21
3.96 190.92
3.96 611.70
3.96 940.59
3.96 221.29
3.96 682.40
3.96 858.26
3.96 481.74
3.96 988.68
3.97 72.51
3.97 266.98
3.97 776.94
3.97 688.01
3.97 852.17
3.97 500.12
3.97 992.50
3.97 29.55
3.97 113.85
3.97 400.54
3.97 953.23
3.98 77.30
3.98 283.87
3.98 809.09
3.98 614.77
3.98 942.58
3.98 215.42
3.98 672.68
3.98 876.33
3.98 431.34
3.98 976.24
3.98 92.33
3.99 159.31
3.99 534.39
3.99 992.78
3.99 28.60
3.99 110.85
3.99 393.25
3.99 952.04
3.99 182.20
3.99 594.52
3.99 961.85
3.99 146.40
4.00 997.35
4.00 10.57
4.00 41.84
4.00 160.37
4.00 538.61
4.00 994.04
4.00 23.72
4.00 92.61
4.00 336.14
4.00 892.60
4.00 383.47
